Some((
    red: 0.626162,
    green: 0.12580764,
    blue: 0.28425315,
))