Some((
    red: 1.0,
    green: 0.5651928,
    blue: 0.65088755,
    alpha: 1.0,
))